20
8000
8000=1,1 : 8001 8002 8003 8004 8005 8006 -1 8007 
8001=2,1 : -1 -1 8002 8000 8006 -1 8008 -1 
8002=2,1 : -1 -1 -1 8003 8000 8001 8009 -1 
8003=2,1 : 8002 -1 -1 -1 8004 8000 8010 -1 
8004=2,1 : 8000 8003 -1 -1 -1 8005 8011 -1 
8005=2,1 : 8006 8000 8004 -1 -1 -1 8012 -1 
8006=2,1 : -1 8001 8000 8005 -1 -1 8013 -1 
8007=2,1 : -1 -1 -1 -1 -1 -1 8000 -1 
8008=2,1 : 8014 8015 8009 -1 8013 8016 -1 8001 
8009=2,1 : 8015 8017 8018 8010 -1 8008 -1 8002 
8010=2,1 : 8009 8018 8019 8020 8011 -1 -1 8003 
8011=2,1 : -1 8010 8020 8021 8022 8012 -1 8004 
8012=2,1 : 8013 -1 8011 8022 8023 8024 -1 8005 
8013=2,1 : 8016 8008 -1 8012 8024 8025 -1 8006 
8014=2,1 : -1 -1 8015 8008 8016 -1 8026 -1 
8015=2,1 : -1 -1 8017 8009 8008 8014 8027 -1 
8016=2,1 : -1 8014 8008 8013 8025 -1 8028 -1 
8017=2,1 : -1 -1 -1 8018 8009 8015 8029 -1 
8018=2,1 : 8017 -1 -1 8019 8010 8009 8030 -1 
8019=2,1 : 8018 -1 -1 -1 8020 8010 8031 -1 
8020=2,1 : 8010 8019 -1 -1 8021 8011 8032 -1 
8021=2,1 : 8011 8020 -1 -1 -1 8022 8033 -1 
8022=2,1 : 8012 8011 8021 -1 -1 8023 8034 -1 
8023=2,1 : 8024 8012 8022 -1 -1 -1 8035 -1 
8024=2,1 : 8025 8013 8012 8023 -1 -1 8036 -1 
8025=2,1 : -1 8016 8013 8024 -1 -1 8037 -1 
8026=2,1 : 8040 8041 8027 -1 8028 8038 -1 8014 
8027=2,1 : 8041 8042 8029 -1 -1 8026 -1 8015 
8028=2,1 : 8038 8026 -1 -1 8037 8039 -1 8016 
8029=2,1 : 8042 8043 8044 8030 -1 8027 -1 8017 
8030=2,1 : 8029 8044 8045 8031 -1 -1 -1 8018 
8031=2,1 : 8030 8045 8046 8047 8032 -1 -1 8019 
8032=2,1 : -1 8031 8047 8048 8033 -1 -1 8020 
8033=2,1 : -1 8032 8048 8049 8050 8034 -1 8021 
8034=2,1 : -1 -1 8033 8050 8051 8035 -1 8022 
8035=2,1 : 8036 -1 8034 8051 8052 8053 -1 8023 
8036=2,1 : 8037 -1 -1 8035 8053 8054 -1 8024 
8037=2,1 : 8039 8028 -1 8036 8054 8055 -1 8025 
8040=2,1 : -1 -1 8041 8026 8038 -1 8060 -1 
8041=2,1 : -1 -1 8042 8027 8026 8040 8061 -1 
8038=2,1 : -1 8040 8026 8028 8039 -1 8059 -1 
8042=2,1 : -1 -1 8043 8029 8027 8041 8062 -1 
8039=2,1 : -1 8038 8028 8037 8055 -1 8056 -1 
8043=2,1 : -1 -1 -1 8044 8029 8042 8063 -1 
8044=2,1 : 8043 -1 -1 8045 8030 8029 8064 -1 
8045=2,1 : 8044 -1 -1 8046 8031 8030 8065 -1 
8046=2,1 : 8045 -1 -1 -1 8047 8031 8066 -1 
8047=2,1 : 8031 8046 -1 -1 8048 8032 8067 -1 
8048=2,1 : 8032 8047 -1 -1 8049 8033 8068 -1 
8049=2,1 : 8033 8048 -1 -1 -1 8050 8069 -1 
8050=2,1 : 8034 8033 8049 -1 -1 8051 8070 -1 
8051=2,1 : 8035 8034 8050 -1 -1 8052 8071 -1 
8052=2,1 : 8053 8035 8051 -1 -1 -1 8072 -1 
8053=2,1 : 8054 8036 8035 8052 -1 -1 8073 -1 
8054=2,1 : 8055 8037 8036 8053 -1 -1 8057 -1 
8055=2,1 : -1 8039 8037 8054 -1 -1 8058 -1 
8059=2,1 : -1 8060 -1 -1 8056 -1 -1 8038 
8056=2,1 : -1 8059 -1 -1 8058 -1 -1 8039 
8060=2,1 : -1 -1 8061 -1 8059 -1 -1 8040 
8061=2,1 : -1 -1 8062 -1 -1 8060 -1 8041 
8062=2,1 : -1 -1 8063 -1 -1 8061 -1 8042 
8063=2,1 : -1 -1 -1 8064 -1 8062 -1 8043 
8064=2,1 : 8063 -1 -1 8065 -1 -1 -1 8044 
8065=2,1 : 8064 -1 -1 8066 -1 -1 -1 8045 
8066=2,1 : 8065 -1 -1 -1 8067 -1 -1 8046 
8067=2,1 : -1 8066 -1 -1 8068 -1 -1 8047 
8068=2,1 : -1 8067 -1 -1 8069 -1 -1 8048 
8069=2,1 : -1 8068 -1 -1 -1 8070 -1 8049 
8070=2,1 : -1 -1 8069 -1 -1 8071 -1 8050 
8071=2,1 : -1 -1 8070 -1 -1 8072 -1 8051 
8072=2,1 : 8073 -1 8071 -1 -1 -1 -1 8052 
8073=2,1 : 8057 -1 -1 8072 -1 -1 -1 8053 
8057=2,1 : 8058 -1 -1 8073 -1 -1 -1 8054 
8058=2,1 : -1 8056 -1 8057 -1 -1 -1 8055 
