30
43305
43305=2,6 : 45714 45715 -1 45719 -1 45717 44508 44507 
44507=1,1 : 48130 49340 -1 54180 -1 51760 43305 -1 
44508=1,1 : 48131 49341 -1 54181 -1 51761 -1 43305 
45714=2,1 : -1 -1 45715 43305 45717 -1 48131 48130 
45715=3,2 : -1 -1 45716 -1 43305 45714 49341 49340 
45716=2,5 : -1 -1 -1 -1 -1 45715 50553 50552 
45717=3,3 : -1 45714 43305 -1 45718 -1 51761 51760 
45718=2,4 : -1 45717 -1 -1 -1 -1 52973 52972 
45719=3,7 : 43305 -1 -1 45720 -1 -1 54181 54180 
45720=2,8 : 45719 -1 -1 45721 -1 -1 55390 55389 
45721=3,9 : 45720 -1 -1 -1 -1 -1 56599 56598 
48130=1,1 : -1 -1 49340 44507 51760 -1 45714 -1 
48131=1,1 : -1 -1 49341 44508 51761 -1 -1 45714 
49340=1,1 : -1 -1 50552 -1 44507 48130 45715 -1 
49341=1,1 : -1 -1 50553 -1 44508 48131 -1 45715 
50552=1,1 : -1 -1 -1 -1 -1 49340 45716 -1 
50553=1,1 : -1 -1 -1 -1 -1 49341 -1 45716 
51760=1,1 : -1 48130 44507 -1 52972 -1 45717 -1 
51761=1,1 : -1 48131 44508 -1 52973 -1 -1 45717 
52972=1,1 : -1 51760 -1 -1 -1 -1 45718 -1 
52973=1,1 : -1 51761 -1 -1 -1 -1 -1 45718 
54180=1,1 : 44507 -1 -1 55389 -1 -1 45719 -1 
54181=1,1 : 44508 -1 -1 55390 -1 -1 -1 45719 
55389=1,1 : 54180 -1 -1 56598 -1 -1 45720 -1 
55390=1,1 : 54181 -1 -1 56599 -1 -1 -1 45720 
56598=1,1 : 55389 -1 -1 -1 -1 -1 45721 -1 
56599=1,1 : 55390 -1 -1 -1 -1 -1 -1 45721 
