30
32922
32922=1,1 : 32923 32924 32925 32926 32927 32928 -1 -1 
32923=2,7 : 32929 -1 32924 32922 32928 -1 12014 12013 
32924=2,8 : -1 -1 -1 32925 32922 32923 12018 12017 
32925=2,10 : 32924 -1 -1 -1 32926 32922 12020 12019 
32926=2,12 : 32922 32925 -1 -1 -1 32927 12022 12021 
32927=2,11 : 32928 32922 32926 -1 -1 -1 12024 12023 
32928=2,9 : -1 32923 32922 32927 -1 -1 12026 12025 
32929=2,6 : 41077 32930 -1 32923 -1 32931 12028 12027 
32930=2,4 : 32932 -1 -1 -1 32929 41077 12030 12029 
32931=2,5 : 32934 41077 32929 -1 -1 -1 12032 12031 
32932=2,2 : -1 -1 -1 32930 41077 32933 12034 12033 
32934=2,3 : -1 32933 41077 32931 -1 -1 12036 12035 
32933=2,1 : -1 -1 32932 41077 32934 -1 12016 12015 
12013=1,1 : 12027 -1 12017 -1 12025 -1 32923 -1 
12014=1,1 : 12028 -1 12018 -1 12026 -1 -1 32923 
12015=1,1 : -1 -1 12033 -1 12035 -1 32933 -1 
12016=1,1 : -1 -1 12034 -1 12036 -1 -1 32933 
12017=1,1 : -1 -1 -1 12019 -1 12013 32924 -1 
12018=1,1 : -1 -1 -1 12020 -1 12014 -1 32924 
12019=1,1 : 12017 -1 -1 -1 12021 -1 32925 -1 
12020=1,1 : 12018 -1 -1 -1 12022 -1 -1 32925 
12021=1,1 : -1 12019 -1 -1 -1 12023 32926 -1 
12022=1,1 : -1 12020 -1 -1 -1 12024 -1 32926 
12023=1,1 : 12025 -1 12021 -1 -1 -1 32927 -1 
12024=1,1 : 12026 -1 12022 -1 -1 -1 -1 32927 
12025=1,1 : -1 12013 -1 12023 -1 -1 32928 -1 
12026=1,1 : -1 12014 -1 12024 -1 -1 -1 32928 
12027=1,1 : -1 12029 -1 12013 -1 12031 32929 -1 
12028=1,1 : -1 12030 -1 12014 -1 12032 -1 32929 
12029=1,1 : 12033 -1 -1 -1 12027 -1 32930 -1 
12030=1,1 : 12034 -1 -1 -1 12028 -1 -1 32930 
12031=1,1 : 12035 -1 12027 -1 -1 -1 32931 -1 
12032=1,1 : 12036 -1 12028 -1 -1 -1 -1 32931 
12033=1,1 : -1 -1 -1 12029 -1 12015 32932 -1 
12034=1,1 : -1 -1 -1 12030 -1 12016 -1 32932 
12035=1,1 : -1 12015 -1 12031 -1 -1 32934 -1 
12036=1,1 : -1 12016 -1 12032 -1 -1 -1 32934 
41077=1,1 : 32933 32932 32930 32929 32931 32934 -1 -1 
