30
44935
44935=2,1 : 44936 44937 44938 44939 44940 44941 44942 44943 
44936=1,1 : -1 -1 44937 44935 44941 44944 44945 44946 
44937=1,1 : -1 -1 -1 44938 44935 44936 -1 44947 
44938=3,1 : 44937 -1 -1 -1 44939 44935 -1 -1 
44939=1,1 : 44935 44938 -1 -1 -1 44940 44948 -1 
44940=1,1 : 44941 44935 44939 -1 -1 -1 -1 44949 
44941=3,1 : 44944 44936 44935 44940 -1 -1 -1 44950 
44942=2,1 : 44945 -1 -1 44948 -1 -1 44951 44935 
44943=2,1 : 44946 44947 -1 -1 44949 44950 44935 44952 
44944=1,1 : -1 -1 44936 44941 -1 -1 -1 44953 
44945=3,1 : -1 -1 -1 44942 -1 -1 44954 44936 
44946=1,1 : -1 -1 44947 44943 44950 44953 44936 44955 
44947=3,1 : -1 -1 -1 -1 44943 44946 44937 -1 
44948=3,1 : 44942 -1 -1 -1 -1 -1 44956 44939 
44949=3,1 : 44950 44943 -1 -1 -1 -1 44940 -1 
44950=1,1 : 44953 44946 44943 44949 -1 -1 44941 -1 
44951=2,1 : 44954 44976 -1 44956 44977 -1 44978 44942 
44952=2,1 : 44955 -1 -1 44957 -1 -1 44943 44958 
44953=1,1 : -1 -1 44946 44950 -1 -1 44944 -1 
44954=1,1 : 44979 -1 44976 44951 -1 44980 -1 44945 
44955=3,1 : -1 -1 -1 44952 -1 -1 44946 -1 
44956=1,1 : 44951 -1 -1 -1 -1 44977 -1 44948 
44976=3,1 : -1 -1 -1 -1 44951 44954 -1 -1 
44977=3,1 : -1 44951 44956 -1 -1 -1 -1 -1 
44978=2,1 : -1 -1 44981 -1 -1 44982 44983 44951 
44957=3,1 : 44952 -1 -1 -1 -1 -1 -1 -1 
44958=2,1 : -1 -1 44959 -1 -1 44960 44952 44961 
44979=1,1 : -1 -1 -1 44954 44980 -1 -1 -1 
44980=1,1 : -1 44979 44954 -1 -1 -1 -1 -1 
44959=3,1 : -1 -1 -1 -1 -1 44958 -1 -1 
44960=3,1 : -1 -1 44958 -1 -1 -1 -1 -1 
44961=2,1 : -1 44962 -1 -1 44963 -1 44958 44964 
44962=3,1 : -1 -1 -1 -1 44961 -1 -1 -1 
44963=3,1 : -1 44961 -1 -1 -1 -1 -1 -1 
44964=2,1 : 44965 -1 -1 44966 -1 -1 44961 44967 
44965=3,1 : -1 -1 -1 44964 -1 -1 -1 -1 
44966=3,1 : 44964 -1 -1 -1 -1 -1 -1 -1 
44967=2,1 : -1 -1 44968 -1 -1 44969 44964 44970 
44968=3,1 : -1 -1 -1 -1 -1 44967 -1 -1 
44969=3,1 : -1 -1 44967 -1 -1 -1 -1 -1 
44970=2,1 : -1 44971 -1 -1 44972 -1 44967 44973 
44971=3,1 : -1 -1 -1 -1 44970 -1 -1 -1 
44972=3,1 : -1 44970 -1 -1 -1 -1 -1 -1 
44973=2,1 : 44974 -1 -1 44975 -1 -1 44970 -1 
44974=3,1 : -1 -1 -1 44973 -1 -1 -1 -1 
44975=3,1 : 44973 -1 -1 -1 -1 -1 -1 -1 
44981=3,1 : -1 -1 -1 -1 -1 44978 -1 -1 
44982=3,1 : -1 -1 44978 -1 -1 -1 -1 -1 
44983=2,1 : 44984 -1 -1 44985 -1 -1 44986 44978 
44984=3,1 : -1 -1 -1 44983 -1 -1 -1 -1 
44985=3,1 : 44983 -1 -1 -1 -1 -1 -1 -1 
44986=2,1 : -1 44987 -1 -1 44988 -1 44989 44983 
44987=3,1 : -1 -1 -1 -1 44986 -1 -1 -1 
44988=3,1 : -1 44986 -1 -1 -1 -1 -1 -1 
44989=2,1 : -1 -1 44990 -1 -1 44991 -1 44986 
44990=3,1 : -1 -1 -1 -1 -1 44989 -1 -1 
44991=3,1 : -1 -1 44989 -1 -1 -1 -1 -1 
