30
44935
44935=2,1 : 44936 44937 44938 44939 44940 44941 44942 44943 
44936=1,1 : -1 -1 44937 44935 44941 44944 44945 44946 
44937=1,1 : -1 -1 -1 44938 44935 44936 36182 44947 
44938=2,1 : 44937 -1 -1 -1 44939 44935 36177 36176 
44939=1,1 : 44935 44938 -1 -1 -1 44940 44948 36187 
44940=1,1 : 44941 44935 44939 -1 -1 -1 36184 44949 
44941=2,1 : 44944 44936 44935 44940 -1 -1 36178 44950 
44942=2,1 : 44945 36182 36177 44948 36184 36178 44951 44935 
44943=2,1 : 44946 44947 36176 36187 44949 44950 44935 44952 
44944=1,1 : -1 -1 44936 44941 -1 -1 -1 44953 
44945=2,1 : -1 -1 36182 44942 36178 -1 44954 44936 
44946=1,1 : -1 -1 44947 44943 44950 44953 44936 44955 
36182=1,1 : -1 -1 -1 36177 44942 44945 44976 44937 
44947=2,1 : -1 -1 -1 36176 44943 44946 44937 36179 
36177=1,1 : 36182 -1 -1 -1 44948 44942 36213 44938 
36176=1,1 : 44947 -1 -1 -1 36187 44943 44938 36189 
44948=2,1 : 44942 36177 -1 -1 -1 36184 44956 44939 
36187=1,1 : 44943 36176 -1 -1 -1 44949 44939 44957 
36184=1,1 : 36178 44942 44948 -1 -1 -1 44977 44940 
44949=2,1 : 44950 44943 36187 -1 -1 -1 44940 36180 
36178=1,1 : -1 44945 44942 36184 -1 -1 36215 44941 
44950=1,1 : 44953 44946 44943 44949 -1 -1 44941 36191 
44951=2,1 : 44954 44976 36213 44956 44977 36215 44978 44942 
44952=2,1 : 44955 36179 36189 44957 36180 36191 44943 44958 
44953=1,1 : -1 -1 44946 44950 -1 -1 44944 -1 
44954=1,1 : 44979 -1 44976 44951 36215 44980 36217 44945 
44955=2,1 : -1 -1 36179 44952 36191 -1 44946 36181 
36179=1,1 : -1 -1 -1 36189 44952 44955 44947 36193 
44956=1,1 : 44951 36213 -1 -1 -1 44977 36219 44948 
36180=1,1 : 36191 44952 44957 -1 -1 -1 44949 36195 
36191=1,1 : -1 44955 44952 36180 -1 -1 44950 44960 
44976=2,1 : -1 -1 -1 36213 44951 44954 36183 36182 
36213=1,1 : 44976 -1 -1 -1 44956 44951 44981 36177 
44977=2,1 : 36215 44951 44956 -1 -1 -1 36185 36184 
36215=1,1 : 44980 44954 44951 44977 -1 -1 44982 36178 
44978=2,1 : 36217 36183 44981 36219 36185 44982 44983 44951 
36189=1,1 : 36179 -1 -1 -1 44957 44952 36176 44959 
44957=2,1 : 44952 36189 -1 -1 -1 36180 36187 36186 
44958=2,1 : 36181 36193 44959 36186 36195 44960 44952 44961 
44979=1,1 : -1 -1 -1 44954 44980 -1 -1 -1 
44980=1,1 : -1 44979 44954 36215 -1 -1 -1 -1 
36217=1,1 : -1 -1 36183 44978 44982 -1 44984 44954 
36181=1,1 : -1 -1 36193 44958 44960 -1 44955 36197 
36219=1,1 : 44978 44981 -1 -1 -1 36185 44985 44956 
36186=1,1 : 44958 44959 -1 -1 -1 36195 44957 36199 
36193=1,1 : -1 -1 -1 44959 44958 36181 36179 44962 
44959=2,1 : 36193 -1 -1 -1 36186 44958 36189 36188 
36195=1,1 : 44960 44958 36186 -1 -1 -1 36180 44963 
44960=2,1 : -1 36181 44958 36195 -1 -1 36191 36190 
44961=2,1 : 36197 44962 36188 36199 44963 36190 44958 44964 
36188=1,1 : 44962 -1 -1 -1 36199 44961 44959 36201 
36190=1,1 : -1 36197 44961 44963 -1 -1 44960 36203 
36197=1,1 : -1 -1 44962 44961 36190 -1 36181 44965 
44962=2,1 : -1 -1 -1 36188 44961 36197 36193 36192 
36199=1,1 : 44961 36188 -1 -1 -1 44963 36186 44966 
44963=2,1 : 36190 44961 36199 -1 -1 -1 36195 36194 
44964=2,1 : 44965 36192 36201 44966 36194 36203 44961 44967 
36192=1,1 : -1 -1 -1 36201 44964 44965 44962 36205 
36194=1,1 : 36203 44964 44966 -1 -1 -1 44963 36207 
44965=2,1 : -1 -1 36192 44964 36203 -1 36197 36196 
36201=1,1 : 36192 -1 -1 -1 44966 44964 36188 44968 
44966=2,1 : 44964 36201 -1 -1 -1 36194 36199 36198 
36203=1,1 : -1 44965 44964 36194 -1 -1 36190 44969 
44967=2,1 : 36196 36205 44968 36198 36207 44969 44964 44970 
36196=1,1 : -1 -1 36205 44967 44969 -1 44965 36210 
36198=1,1 : 44967 44968 -1 -1 -1 36207 44966 36212 
36205=1,1 : -1 -1 -1 44968 44967 36196 36192 44971 
44968=2,1 : 36205 -1 -1 -1 36198 44967 36201 36200 
36207=1,1 : 44969 44967 36198 -1 -1 -1 36194 44972 
44969=2,1 : -1 36196 44967 36207 -1 -1 36203 36202 
44970=2,1 : 36210 44971 36200 36212 44972 36202 44967 44973 
36200=1,1 : 44971 -1 -1 -1 36212 44970 44968 -1 
36202=1,1 : -1 36210 44970 44972 -1 -1 44969 -1 
36210=1,1 : -1 -1 44971 44970 36202 -1 36196 44974 
44971=2,1 : -1 -1 -1 36200 44970 36210 36205 36204 
36212=1,1 : 44970 36200 -1 -1 -1 44972 36198 44975 
44972=2,1 : 36202 44970 36212 -1 -1 -1 36207 36206 
44973=2,1 : 44974 36204 -1 44975 36206 -1 44970 36208 
36204=1,1 : -1 -1 -1 -1 44973 44974 44971 -1 
36206=1,1 : -1 44973 44975 -1 -1 -1 44972 -1 
44974=2,1 : -1 -1 36204 44973 -1 -1 36210 36209 
44975=2,1 : 44973 -1 -1 -1 -1 36206 36212 36211 
36208=1,1 : 36209 -1 -1 36211 -1 -1 44973 -1 
36209=1,1 : -1 -1 -1 36208 -1 -1 44974 -1 
36211=1,1 : 36208 -1 -1 -1 -1 -1 44975 -1 
36183=1,1 : -1 -1 -1 44981 44978 36217 36221 44976 
36185=1,1 : 44982 44978 36219 -1 -1 -1 36223 44977 
44981=2,1 : 36183 -1 -1 -1 36219 44978 36214 36213 
44982=2,1 : -1 36217 44978 36185 -1 -1 36216 36215 
44983=2,1 : 44984 36221 36214 44985 36223 36216 44986 44978 
36214=1,1 : 36221 -1 -1 -1 44985 44983 36226 44981 
36216=1,1 : -1 44984 44983 36223 -1 -1 36174 44982 
44984=2,1 : -1 -1 36221 44983 36216 -1 36218 36217 
36221=1,1 : -1 -1 -1 36214 44983 44984 44987 36183 
44985=2,1 : 44983 36214 -1 -1 -1 36223 36220 36219 
36223=1,1 : 36216 44983 44985 -1 -1 -1 44988 36185 
44986=2,1 : 36218 44987 36226 36220 44988 36174 44989 44983 
36218=1,1 : -1 -1 44987 44986 36174 -1 -1 44984 
36220=1,1 : 44986 36226 -1 -1 -1 44988 -1 44985 
44987=2,1 : -1 -1 -1 36226 44986 36218 36222 36221 
36226=1,1 : 44987 -1 -1 -1 36220 44986 44990 36214 
44988=2,1 : 36174 44986 36220 -1 -1 -1 36224 36223 
36174=1,1 : -1 36218 44986 44988 -1 -1 44991 36216 
44989=2,1 : -1 36222 44990 -1 36224 44991 36225 44986 
36222=1,1 : -1 -1 -1 44990 44989 -1 -1 44987 
36224=1,1 : 44991 44989 -1 -1 -1 -1 -1 44988 
44990=2,1 : 36222 -1 -1 -1 -1 44989 36227 36226 
44991=2,1 : -1 -1 44989 36224 -1 -1 36175 36174 
36225=1,1 : -1 -1 36227 -1 -1 36175 -1 44989 
36227=1,1 : -1 -1 -1 -1 -1 36225 -1 44990 
36175=1,1 : -1 -1 36225 -1 -1 -1 -1 44991 
