30
56992
56992=5,4 : 56993 -1 -1 56994 -1 -1 12008 12007 
56993=4,3 : 56995 -1 -1 56992 -1 -1 12012 12011 
56994=6,5 : 56992 -1 -1 56996 -1 -1 12014 12013 
56995=3,2 : 56997 -1 -1 56993 -1 -1 12016 12015 
56996=7,6 : 56994 -1 -1 56998 -1 -1 12018 12017 
56997=2,1 : -1 -1 -1 56995 -1 -1 12020 12019 
56998=8,7 : 56996 -1 -1 -1 -1 -1 12010 12009 
12007=1,1 : 12011 -1 -1 12013 -1 -1 56992 -1 
12008=1,1 : 12012 -1 -1 12014 -1 -1 -1 56992 
12009=1,1 : 12017 -1 -1 -1 -1 -1 56998 -1 
12010=1,1 : 12018 -1 -1 -1 -1 -1 -1 56998 
12011=1,1 : 12015 -1 -1 12007 -1 -1 56993 -1 
12012=1,1 : 12016 -1 -1 12008 -1 -1 -1 56993 
12013=1,1 : 12007 -1 -1 12017 -1 -1 56994 -1 
12014=1,1 : 12008 -1 -1 12018 -1 -1 -1 56994 
12015=1,1 : 12019 -1 -1 12011 -1 -1 56995 -1 
12016=1,1 : 12020 -1 -1 12012 -1 -1 -1 56995 
12017=1,1 : 12013 -1 -1 12009 -1 -1 56996 -1 
12018=1,1 : 12014 -1 -1 12010 -1 -1 -1 56996 
12019=1,1 : -1 -1 -1 12015 -1 -1 56997 -1 
12020=1,1 : -1 -1 -1 12016 -1 -1 -1 56997 
