20
64999
64999=1,1 : 65000 65001 65002 65003 65004 65005 -1 -1 
65000=2,1 : -1 -1 65001 64999 65005 -1 103272 103271 
65001=2,2 : -1 -1 -1 65002 64999 65000 103276 103275 
65002=2,3 : 65001 -1 -1 -1 65003 64999 103278 103277 
65003=2,4 : 64999 65002 -1 -1 -1 65004 103280 103279 
65004=2,5 : 65005 64999 65003 -1 -1 -1 103282 103281 
65005=2,6 : -1 65000 64999 65004 -1 -1 103274 103273 
103271=1,1 : -1 -1 103275 -1 103273 -1 65000 -1 
103272=1,1 : -1 -1 103276 -1 103274 -1 -1 65000 
103273=1,1 : -1 103271 -1 103281 -1 -1 65005 -1 
103274=1,1 : -1 103272 -1 103282 -1 -1 -1 65005 
103275=1,1 : -1 -1 -1 103277 -1 103271 65001 -1 
103276=1,1 : -1 -1 -1 103278 -1 103272 -1 65001 
103277=1,1 : 103275 -1 -1 -1 103279 -1 65002 -1 
103278=1,1 : 103276 -1 -1 -1 103280 -1 -1 65002 
103279=1,1 : -1 103277 -1 -1 -1 103281 65003 -1 
103280=1,1 : -1 103278 -1 -1 -1 103282 -1 65003 
103281=1,1 : 103273 -1 103279 -1 -1 -1 65004 -1 
103282=1,1 : 103274 -1 103280 -1 -1 -1 -1 65004 
