30
77006
77006=2,3 : 77007 -1 -1 77008 -1 -1 12006 12005 
77007=2,2 : 77009 -1 -1 77006 -1 -1 12010 12009 
77008=2,4 : 77006 -1 -1 77010 -1 -1 12012 12011 
77009=2,1 : -1 -1 -1 77007 -1 -1 12014 12013 
77010=2,5 : 77008 -1 -1 -1 -1 -1 12008 12007 
12005=1,1 : 12009 -1 -1 12011 -1 -1 77006 -1 
12006=1,1 : 12010 -1 -1 12012 -1 -1 -1 77006 
12007=1,1 : 12011 -1 -1 -1 -1 -1 77010 -1 
12008=1,1 : 12012 -1 -1 -1 -1 -1 -1 77010 
12009=1,1 : 12013 -1 -1 12005 -1 -1 77007 -1 
12010=1,1 : 12014 -1 -1 12006 -1 -1 -1 77007 
12011=1,1 : 12005 -1 -1 12007 -1 -1 77008 -1 
12012=1,1 : 12006 -1 -1 12008 -1 -1 -1 77008 
12013=1,1 : -1 -1 -1 12009 -1 -1 77009 -1 
12014=1,1 : -1 -1 -1 12010 -1 -1 -1 77009 
