30
228974
228974=2,5 : 231383 -1 -1 231387 -1 -1 230177 230176 
230176=1,1 : -1 -1 -1 -1 -1 -1 228974 -1 
230177=1,1 : -1 -1 -1 -1 -1 -1 -1 228974 
231383=2,4 : 231384 -1 -1 228974 -1 -1 -1 -1 
231384=2,3 : 231385 -1 -1 231383 -1 -1 -1 -1 
231385=2,2 : 231386 -1 -1 231384 -1 -1 -1 -1 
231386=2,1 : -1 -1 -1 231385 -1 -1 -1 -1 
231387=2,6 : 228974 -1 -1 231388 -1 -1 -1 -1 
231388=2,7 : 231387 -1 -1 231389 -1 -1 -1 -1 
231389=2,8 : 231388 -1 -1 231390 -1 -1 -1 -1 
231390=2,9 : 231389 -1 -1 -1 -1 -1 -1 -1 
